# Blender v2.76 (sub 0) OBJ File: 'firebox_close_burn.blend'
# www.blender.org
o Fire
v -0.144566 -0.105434 -0.144566
v -0.144566 -0.394566 -0.144566
v 0.144566 -0.394566 -0.144566
v 0.144566 -0.105434 -0.144566
v -0.144566 -0.394566 0.144566
v -0.144566 -0.105434 0.144566
v 0.144566 -0.105434 0.144566
v 0.144566 -0.394566 0.144566
v -0.090824 -0.077233 -0.090824
v -0.090824 -0.258880 -0.090824
v 0.090824 -0.258880 -0.090824
v 0.090824 -0.077233 -0.090824
v -0.090824 -0.258880 0.090824
v -0.090824 -0.077233 0.090824
v 0.090824 -0.077233 0.090824
v 0.090824 -0.258880 0.090824
vt 0.000000 0.000000
vt 1.000000 0.000000
vt 1.000000 1.000000
vt 0.000000 1.000000
vn 0.000000 -0.000000 1.000000
vn 0.000000 0.000000 -1.000000
vn -1.000000 -0.000000 0.000000
vn 1.000000 0.000000 0.000000
s off
f 1/1/1 2/2/1 3/3/1 4/4/1
f 5/1/2 6/2/2 7/3/2 8/4/2
f 4/1/3 3/2/3 8/3/3 7/4/3
f 6/1/4 5/2/4 2/3/4 1/4/4
f 9/1/1 10/2/1 11/3/1 12/4/1
f 13/1/2 14/2/2 15/3/2 16/4/2
f 12/1/3 11/2/3 16/3/3 15/4/3
f 14/1/4 13/2/4 10/3/4 9/4/4
g Sticks
o Sticks
v 0.056130 -0.479465 -0.378027
v 0.060743 -0.441978 -0.410791
v 0.010512 -0.111109 -0.039304
v 0.005899 -0.148596 -0.006540
v 0.011210 -0.441843 -0.417610
v -0.039021 -0.110974 -0.046123
v 0.006597 -0.479329 -0.384846
v -0.043633 -0.148460 -0.013359
v -0.122028 -0.479464 -0.367790
v -0.131693 -0.441978 -0.399434
v -0.020230 -0.111110 -0.041520
v -0.010565 -0.148596 -0.009876
v -0.179467 -0.441842 -0.384682
v -0.068004 -0.110974 -0.026768
v -0.169802 -0.479329 -0.353038
v -0.058339 -0.148461 0.004876
v -0.262251 -0.479464 -0.296293
v -0.282962 -0.441977 -0.322095
v -0.046708 -0.111110 -0.031044
v -0.025996 -0.148597 -0.005242
v -0.321858 -0.441842 -0.290677
v -0.085604 -0.110975 0.000374
v -0.301146 -0.479328 -0.264874
v -0.064892 -0.148461 0.026177
v -0.368535 -0.479464 -0.190914
v -0.397088 -0.441977 -0.207632
v -0.072557 -0.111110 -0.019999
v -0.044004 -0.148597 -0.003281
v -0.422218 -0.441842 -0.164406
v -0.097687 -0.110975 0.023227
v -0.393665 -0.479329 -0.147688
v -0.069133 -0.148461 0.039944
v -0.403506 -0.479464 -0.037600
v -0.436585 -0.441977 -0.038329
v -0.061768 -0.111110 -0.032118
v -0.028689 -0.148597 -0.031390
v -0.437533 -0.441842 0.011662
v -0.062716 -0.110975 0.017872
v -0.404454 -0.479329 0.012391
v -0.029637 -0.148461 0.018601
v -0.383902 -0.479464 0.110808
v -0.415549 -0.441977 0.120465
v -0.057603 -0.111110 0.009101
v -0.025957 -0.148597 -0.000555
v -0.400809 -0.441842 0.168243
v -0.042864 -0.110975 0.056879
v -0.369163 -0.479329 0.158586
v -0.011217 -0.148461 0.047223
v -0.305009 -0.479464 0.264942
v -0.330239 -0.441977 0.286348
v -0.045718 -0.111110 0.042269
v -0.020488 -0.148597 0.020863
v -0.297775 -0.441842 0.324375
v -0.013254 -0.110975 0.080296
v -0.272545 -0.479329 0.302969
v 0.011976 -0.148461 0.058891
v -0.202432 -0.479464 0.343154
v -0.220267 -0.441977 0.371022
v -0.019932 -0.111110 0.054175
v -0.002097 -0.148597 0.026306
v -0.178070 -0.441842 0.397844
v 0.022265 -0.110975 0.080996
v -0.160236 -0.479329 0.369975
v 0.040100 -0.148461 0.053127
v -0.024944 -0.479464 0.381432
v -0.026794 -0.441977 0.414467
v -0.007874 -0.111110 0.040075
v -0.006024 -0.148597 0.007040
v 0.023135 -0.441842 0.417110
v 0.042056 -0.110975 0.042718
v 0.024986 -0.479329 0.384075
v 0.043906 -0.148461 0.009683
v 0.130727 -0.479464 0.382350
v 0.140661 -0.441977 0.413911
v 0.026153 -0.111110 0.056958
v 0.016219 -0.148597 0.025398
v 0.188308 -0.441842 0.398752
v 0.073800 -0.110975 0.041800
v 0.178373 -0.479329 0.367191
v 0.063866 -0.148461 0.010239
v 0.302793 -0.479464 0.240668
v 0.328326 -0.441977 0.261711
v 0.037740 -0.111110 0.024885
v 0.012207 -0.148597 0.003842
v 0.360007 -0.441842 0.223029
v 0.069421 -0.110975 -0.013798
v 0.334473 -0.479329 0.201986
v 0.043888 -0.148461 -0.034840
v 0.347428 -0.479466 0.022321
v 0.380514 -0.441979 0.022001
v 0.005691 -0.111108 0.027675
v -0.027395 -0.148594 0.027995
v 0.379876 -0.441844 -0.027995
v 0.005054 -0.110973 -0.022321
v 0.346790 -0.479330 -0.027675
v -0.028032 -0.148459 -0.022001
v 0.328337 -0.479466 -0.132939
v 0.358838 -0.441979 -0.145763
v 0.014074 -0.111108 0.001419
v -0.016426 -0.148595 0.014244
v 0.339316 -0.441844 -0.191795
v -0.005447 -0.110973 -0.044612
v 0.308815 -0.479330 -0.178970
v -0.035948 -0.148459 -0.031788
v 0.232270 -0.479465 -0.276816
v 0.252843 -0.441979 -0.302730
v 0.021372 -0.111109 -0.007863
v 0.000800 -0.148595 0.018051
v 0.213587 -0.441843 -0.333697
v -0.017883 -0.110973 -0.038831
v 0.193015 -0.479330 -0.307783
v -0.038456 -0.148460 -0.012917
vt 0.000000 0.000000
vt 1.000000 0.000000
vt 1.000000 1.000000
vt 0.000000 1.000000
vn 0.990700 -0.002700 0.136400
vn 0.092300 0.749700 -0.655300
vn -0.990700 0.002700 -0.136400
vn -0.092300 -0.749700 0.655300
vn -0.100500 0.661700 0.743000
vn 0.100500 -0.661700 -0.743000
vn 0.955500 -0.002700 -0.295000
vn -0.193300 0.749700 -0.632900
vn -0.955500 0.002700 0.295000
vn 0.193300 -0.749700 0.632900
vn 0.222900 0.661700 0.715800
vn -0.222900 -0.661700 -0.715800
vn 0.777900 -0.002700 -0.628400
vn -0.414200 0.749700 -0.516100
vn -0.777900 0.002700 0.628400
vn 0.414200 -0.749700 0.516100
vn 0.472500 0.661700 0.582100
vn -0.472500 -0.661700 -0.582100
vn 0.502600 -0.002700 -0.864500
vn -0.571100 0.749700 -0.334300
vn -0.502600 0.002700 0.864500
vn 0.571100 -0.749700 0.334300
vn 0.649100 0.661700 0.375300
vn -0.649100 -0.661700 -0.375300
vn 0.019000 -0.002700 -0.999800
vn -0.661600 0.749700 -0.014600
vn -0.019000 0.002700 0.999800
vn 0.661600 -0.749700 0.014600
vn 0.749600 0.661700 0.012400
vn -0.749600 -0.661700 -0.012400
vn -0.294800 -0.002700 -0.955600
vn -0.632900 0.749700 0.193100
vn 0.294800 0.002700 0.955600
vn 0.632900 -0.749700 -0.193100
vn 0.715900 0.661700 -0.222700
vn -0.715900 -0.661700 0.222700
vn -0.649300 -0.002700 -0.760500
vn -0.504600 0.749700 0.428100
vn 0.649300 0.002700 0.760500
vn 0.504600 -0.749700 -0.428100
vn 0.569000 0.661700 -0.488200
vn -0.569000 -0.661700 0.488200
vn -0.843900 -0.002700 -0.536400
vn -0.356700 0.749700 0.557400
vn 0.843900 0.002700 0.536400
vn 0.356700 -0.749700 -0.557400
vn 0.400700 0.661700 -0.633700
vn -0.400700 -0.661700 0.633700
vn -0.998600 -0.002700 -0.052900
vn -0.037000 0.749700 0.660700
vn 0.998600 0.002700 0.052900
vn 0.037000 -0.749700 -0.660700
vn 0.037800 0.661700 -0.748800
vn -0.037800 -0.661700 0.748800
vn -0.952900 -0.002700 0.303200
vn 0.198700 0.749700 0.631200
vn 0.952900 0.002700 -0.303200
vn -0.198700 -0.749700 -0.631200
vn -0.229000 0.661700 -0.713900
vn 0.229000 -0.661700 0.713900
vn -0.633600 -0.002700 0.773600
vn 0.510700 0.749700 0.420900
vn 0.633600 0.002700 -0.773700
vn -0.510700 -0.749700 -0.420900
vn -0.581200 0.661700 -0.473700
vn 0.581200 -0.661700 0.473700
vn 0.012700 -0.002700 0.999900
vn 0.661700 0.749700 -0.006400
vn -0.012700 0.002700 -0.999900
vn -0.661700 -0.749700 0.006400
vn -0.749600 0.661700 0.011300
vn 0.749600 -0.661700 -0.011400
vn 0.390400 -0.002700 0.920600
vn 0.610000 0.749700 -0.256500
vn -0.390400 0.002700 -0.920600
vn -0.610000 -0.749700 0.256500
vn -0.689500 0.661700 0.294400
vn 0.689500 -0.661700 -0.294400
vn 0.785100 -0.002700 0.619400
vn 0.411500 0.749700 -0.518300
vn -0.785100 0.002700 -0.619400
vn -0.411400 -0.749700 0.518300
vn -0.462900 0.661700 0.589700
vn 0.462900 -0.661700 -0.589700
s off
f 17/5/5 18/6/5 19/7/5 20/8/5
f 18/5/6 21/6/6 22/7/6 19/8/6
f 21/5/7 23/6/7 24/7/7 22/8/7
f 23/5/8 17/6/8 20/7/8 24/8/8
f 20/5/9 19/6/9 22/7/9 24/8/9
f 23/5/10 21/6/10 18/7/10 17/8/10
f 25/5/11 26/6/11 27/7/11 28/8/11
f 26/5/12 29/6/12 30/7/12 27/8/12
f 29/5/13 31/6/13 32/7/13 30/8/13
f 31/5/14 25/6/14 28/7/14 32/8/14
f 28/5/15 27/6/15 30/7/15 32/8/15
f 31/5/16 29/6/16 26/7/16 25/8/16
f 33/5/17 34/6/17 35/7/17 36/8/17
f 34/5/18 37/6/18 38/7/18 35/8/18
f 37/5/19 39/6/19 40/7/19 38/8/19
f 39/5/20 33/6/20 36/7/20 40/8/20
f 36/5/21 35/6/21 38/7/21 40/8/21
f 39/5/22 37/6/22 34/7/22 33/8/22
f 41/5/23 42/6/23 43/7/23 44/8/23
f 42/5/24 45/6/24 46/7/24 43/8/24
f 45/5/25 47/6/25 48/7/25 46/8/25
f 47/5/26 41/6/26 44/7/26 48/8/26
f 44/5/27 43/6/27 46/7/27 48/8/27
f 47/5/28 45/6/28 42/7/28 41/8/28
f 49/5/29 50/6/29 51/7/29 52/8/29
f 50/5/30 53/6/30 54/7/30 51/8/30
f 53/5/31 55/6/31 56/7/31 54/8/31
f 55/5/32 49/6/32 52/7/32 56/8/32
f 52/5/33 51/6/33 54/7/33 56/8/33
f 55/5/34 53/6/34 50/7/34 49/8/34
f 57/5/35 58/6/35 59/7/35 60/8/35
f 58/5/36 61/6/36 62/7/36 59/8/36
f 61/5/37 63/6/37 64/7/37 62/8/37
f 63/5/38 57/6/38 60/7/38 64/8/38
f 60/5/39 59/6/39 62/7/39 64/8/39
f 63/5/40 61/6/40 58/7/40 57/8/40
f 65/5/41 66/6/41 67/7/41 68/8/41
f 66/5/42 69/6/42 70/7/42 67/8/42
f 69/5/43 71/6/43 72/7/43 70/8/43
f 71/5/44 65/6/44 68/7/44 72/8/44
f 68/5/45 67/6/45 70/7/45 72/8/45
f 71/5/46 69/6/46 66/7/46 65/8/46
f 73/5/47 74/6/47 75/7/47 76/8/47
f 74/5/48 77/6/48 78/7/48 75/8/48
f 77/5/49 79/6/49 80/7/49 78/8/49
f 79/5/50 73/6/50 76/7/50 80/8/50
f 76/5/51 75/6/51 78/7/51 80/8/51
f 79/5/52 77/6/52 74/7/52 73/8/52
f 81/5/53 82/6/53 83/7/53 84/8/53
f 82/5/54 85/6/54 86/7/54 83/8/54
f 85/5/55 87/6/55 88/7/55 86/8/55
f 87/5/56 81/6/56 84/7/56 88/8/56
f 84/5/57 83/6/57 86/7/57 88/8/57
f 87/5/58 85/6/58 82/7/58 81/8/58
f 89/5/59 90/6/59 91/7/59 92/8/59
f 90/5/60 93/6/60 94/7/60 91/8/60
f 93/5/61 95/6/61 96/7/61 94/8/61
f 95/5/62 89/6/62 92/7/62 96/8/62
f 92/5/63 91/6/63 94/7/63 96/8/63
f 95/5/64 93/6/64 90/7/64 89/8/64
f 97/5/65 98/6/65 99/7/65 100/8/65
f 98/5/66 101/6/66 102/7/66 99/8/66
f 101/5/67 103/6/67 104/7/67 102/8/67
f 103/5/68 97/6/68 100/7/68 104/8/68
f 100/5/69 99/6/69 102/7/69 104/8/69
f 103/5/70 101/6/70 98/7/70 97/8/70
f 105/5/71 106/6/71 107/7/71 108/8/71
f 106/5/72 109/6/72 110/7/72 107/8/72
f 109/5/73 111/6/73 112/7/73 110/8/73
f 111/5/74 105/6/74 108/7/74 112/8/74
f 108/5/75 107/6/75 110/7/75 112/8/75
f 111/5/76 109/6/76 106/7/76 105/8/76
f 113/5/77 114/6/77 115/7/77 116/8/77
f 114/5/78 117/6/78 118/7/78 115/8/78
f 117/5/79 119/6/79 120/7/79 118/8/79
f 119/5/80 113/6/80 116/7/80 120/8/80
f 116/5/81 115/6/81 118/7/81 120/8/81
f 119/5/82 117/6/82 114/7/82 113/8/82
f 121/5/83 122/6/83 123/7/83 124/8/83
f 122/5/84 125/6/84 126/7/84 123/8/84
f 125/5/85 127/6/85 128/7/85 126/8/85
f 127/5/86 121/6/86 124/7/86 128/8/86
f 124/5/87 123/6/87 126/7/87 128/8/87
f 127/5/88 125/6/88 122/7/88 121/8/88
g Button
o Button_Cube.003
v 0.516219 -0.040000 0.361725
v 0.516219 0.040000 0.361725
v 0.516219 -0.040000 0.281725
v 0.516219 0.040000 0.281725
v 0.596219 -0.040000 0.361725
v 0.596219 0.040000 0.361725
v 0.596219 -0.040000 0.281725
v 0.596219 0.040000 0.281725
vt 0.000000 0.000000
vt 1.000000 0.000000
vt 1.000000 1.000000
vt 0.000000 1.000000
vn -1.000000 0.000000 0.000000
vn 0.000000 0.000000 -1.000000
vn 1.000000 0.000000 0.000000
vn 0.000000 0.000000 1.000000
vn 0.000000 -1.000000 0.000000
vn 0.000000 1.000000 0.000000
s off
f 130/9/89 132/10/89 131/11/89 129/12/89
f 132/9/90 136/10/90 135/11/90 131/12/90
f 136/9/91 134/10/91 133/11/91 135/12/91
f 134/9/92 130/10/92 129/11/92 133/12/92
f 129/9/93 131/10/93 135/11/93 133/12/93
f 134/9/94 136/10/94 132/11/94 130/12/94
g Door
o Door_Cube.002
v 0.515816 -0.474826 0.467683
v 0.526104 -0.474826 0.467683
v 0.515816 0.451107 0.467683
v 0.526104 0.451107 0.467683
v 0.515816 -0.474826 -0.458250
v 0.526104 -0.474826 -0.458250
v 0.515816 0.451107 -0.458250
v 0.526104 0.451107 -0.458250
vt 0.000000 0.000000
vt 1.000000 0.000000
vt 1.000000 1.000000
vt 0.000000 1.000000
vn 0.000000 0.000000 1.000000
vn 0.000000 1.000000 -0.000000
vn 0.000000 0.000000 -1.000000
vn 0.000000 -1.000000 -0.000000
vn -1.000000 0.000000 -0.000000
vn 1.000000 -0.000000 0.000000
s off
f 138/13/95 140/14/95 139/15/95 137/16/95
f 140/13/96 144/14/96 143/15/96 139/16/96
f 144/13/97 142/14/97 141/15/97 143/16/97
f 142/13/98 138/14/98 137/15/98 141/16/98
f 137/13/99 139/14/99 143/15/99 141/16/99
f 142/13/100 144/14/100 140/15/100 138/16/100
g Box
o Box_Cube.001
v -0.500000 -0.500000 0.500000
v -0.500000 0.500000 0.500000
v -0.500000 -0.500000 -0.500000
v -0.500000 0.500000 -0.500000
v 0.500000 -0.500000 0.500000
v 0.500000 0.500000 0.500000
v 0.500000 -0.500000 -0.500000
v 0.500000 0.500000 -0.500000
v 0.500000 0.439092 -0.446279
v 0.500000 -0.460316 -0.446279
v 0.500000 0.439092 0.446168
v 0.500000 -0.460316 0.446168
v -0.460528 0.439092 -0.446279
v -0.460528 -0.460316 -0.446279
v -0.460528 0.439092 0.446168
v -0.460528 -0.460316 0.446168
vt 0.000000 0.000000
vt 1.000000 0.000000
vt 1.000000 1.000000
vt 0.000000 1.000000
vn -1.000000 0.000000 0.000000
vn 0.000000 -0.000000 -1.000000
vn 1.000000 0.000000 0.000000
vn 0.000000 0.000000 1.000000
vn 0.000000 -1.000000 0.000000
vn 0.000000 1.000000 -0.000000
s off
f 146/17/101 148/18/101 147/19/101 145/20/101
f 148/17/102 152/18/102 151/19/102 147/20/102
f 150/17/103 149/18/103 156/19/103 155/20/103
f 150/17/104 146/18/104 145/19/104 149/20/104
f 145/17/105 147/18/105 151/19/105 149/20/105
f 150/17/106 152/18/106 148/19/106 146/20/106
f 154/17/104 153/18/104 157/19/104 158/20/104
f 149/17/103 151/18/103 154/19/103 156/20/103
f 152/17/103 150/18/103 155/19/103 153/20/103
f 151/17/103 152/18/103 153/19/103 154/20/103
f 157/17/103 159/18/103 160/19/103 158/20/103
f 156/17/106 154/18/106 158/19/106 160/20/106
f 153/17/105 155/18/105 159/19/105 157/20/105
f 155/17/102 156/18/102 160/19/102 159/20/102
