# Blender v2.76 (sub 0) OBJ File: 'wood_food.blend'
# www.blender.org
o Cube.002_Cube.003
v -0.470123 -1.471380 -0.414477
v -0.450840 -1.475846 -0.411614
v -0.087613 0.447092 0.001637
v -0.068329 0.442626 0.004500
v -0.466448 -1.467915 -0.433828
v -0.447164 -1.472381 -0.430965
v -0.083937 0.450557 -0.017714
v -0.064654 0.446091 -0.014851
vt 0.000000 0.000000
vt 1.000000 0.000000
vt 1.000000 1.000000
vt 0.000000 1.000000
vn -0.183800 -0.173200 0.967600
vn 0.191300 0.959200 0.208100
vn 0.183800 0.173200 -0.967600
vn -0.191300 -0.959200 -0.208100
vn -0.964200 0.223300 -0.143200
vn 0.964200 -0.223300 0.143200
s off
f 2/1/1 4/2/1 3/3/1 1/4/1
f 4/1/2 8/2/2 7/3/2 3/4/2
f 8/1/3 6/2/3 5/3/3 7/4/3
f 6/1/4 2/2/4 1/3/4 5/4/4
f 1/1/5 3/2/5 7/3/5 5/4/5
f 6/1/6 8/2/6 4/3/6 2/4/6
o Cube.003_Cube.004
v 0.361185 -1.477471 -0.294741
v 0.346932 -1.482498 -0.281643
v -0.069882 0.456332 -0.021634
v -0.084135 0.451305 -0.008535
v 0.374537 -1.476594 -0.279877
v 0.360284 -1.481621 -0.266778
v -0.056530 0.457209 -0.006769
v -0.070783 0.452182 0.006330
vt 0.000000 0.000000
vt 1.000000 0.000000
vt 1.000000 1.000000
vt 0.000000 1.000000
vn -0.667600 -0.043800 -0.743200
vn -0.215500 0.966900 0.136600
vn 0.667600 0.043800 0.743200
vn 0.215500 -0.966900 -0.136500
vn 0.712700 0.251400 -0.654900
vn -0.712700 -0.251400 0.654900
s off
f 10/5/7 12/6/7 11/7/7 9/8/7
f 12/5/8 16/6/8 15/7/8 11/8/8
f 16/5/9 14/6/9 13/7/9 15/8/9
f 14/5/10 10/6/10 9/7/10 13/8/10
f 9/5/11 11/6/11 15/7/11 13/8/11
f 14/5/12 16/6/12 12/7/12 10/8/12
o Cube.004_Cube.005
v -0.468206 -1.486767 0.401341
v -0.448874 -1.489749 0.405513
v -0.090056 0.441170 0.027090
v -0.070725 0.438188 0.031262
v -0.464743 -1.491173 0.382142
v -0.445411 -1.494155 0.386314
v -0.086593 0.436763 0.007892
v -0.067261 0.433782 0.012063
vt 0.000000 0.000000
vt 1.000000 0.000000
vt 1.000000 1.000000
vt 0.000000 1.000000
vn -0.173200 0.220300 0.959900
vn 0.189100 0.964000 -0.187100
vn 0.173200 -0.220300 -0.959900
vn -0.189100 -0.964000 0.187100
vn -0.966600 0.149100 -0.208600
vn 0.966600 -0.149100 0.208600
s off
f 18/9/13 20/10/13 19/11/13 17/12/13
f 20/9/14 24/10/14 23/11/14 19/12/14
f 24/9/15 22/10/15 21/11/15 23/12/15
f 22/9/16 18/10/16 17/11/16 21/12/16
f 17/9/17 19/10/17 23/11/17 21/12/17
f 22/9/18 24/10/18 20/11/18 18/12/18
o Cube.005_Cube.006
v 0.364295 -1.445287 0.504635
v 0.350198 -1.444773 0.518813
v -0.072603 0.440539 0.001865
v -0.086700 0.441054 0.016043
v 0.377793 -1.438646 0.517814
v 0.363696 -1.438132 0.531993
v -0.059105 0.447180 0.015045
v -0.073202 0.447695 0.029223
vt 0.000000 0.000000
vt 1.000000 0.000000
vt 1.000000 1.000000
vt 0.000000 1.000000
vn -0.674900 -0.332000 -0.659000
vn -0.218400 0.942900 -0.251400
vn 0.674900 0.332000 0.659000
vn 0.218400 -0.942900 0.251400
vn 0.704800 -0.025700 -0.708900
vn -0.704800 0.025700 0.708900
s off
f 26/13/19 28/14/19 27/15/19 25/16/19
f 28/13/20 32/14/20 31/15/20 27/16/20
f 32/13/21 30/14/21 29/15/21 31/16/21
f 30/13/22 26/14/22 25/15/22 29/16/22
f 25/13/23 27/14/23 31/15/23 29/16/23
f 30/13/24 32/14/24 28/15/24 26/16/24
