# Blender v2.76 (sub 0) OBJ File: 'fire.blend'
# www.blender.org
mtllib cooking_fireplace.mtl
o Cube.001_Cube.002
v -0.027395 -0.148594 0.027995
v 0.347428 -0.479466 0.022321
v 0.005691 -0.111108 0.027675
v 0.380514 -0.441979 0.022001
v -0.028032 -0.148459 -0.022001
v 0.346790 -0.479330 -0.027675
v 0.005054 -0.110973 -0.022321
v 0.379876 -0.441844 -0.027995
v -0.016426 -0.148595 0.014244
v 0.328337 -0.479466 -0.132939
v 0.014074 -0.111108 0.001419
v 0.358838 -0.441979 -0.145763
v -0.035948 -0.148459 -0.031788
v 0.308815 -0.479330 -0.178970
v -0.005447 -0.110973 -0.044612
v 0.339316 -0.441844 -0.191795
v 0.000800 -0.148595 0.018051
v 0.232270 -0.479465 -0.276816
v 0.021372 -0.111109 -0.007863
v 0.252843 -0.441979 -0.302730
v -0.038456 -0.148460 -0.012917
v 0.193015 -0.479330 -0.307783
v -0.017883 -0.110973 -0.038831
v 0.213587 -0.441843 -0.333697
v 0.005899 -0.148596 -0.006540
v 0.056130 -0.479465 -0.378027
v 0.010512 -0.111109 -0.039304
v 0.060743 -0.441978 -0.410791
v -0.043633 -0.148460 -0.013359
v 0.006597 -0.479329 -0.384846
v -0.039021 -0.110974 -0.046123
v 0.011210 -0.441843 -0.417610
v -0.010565 -0.148596 -0.009876
v -0.122028 -0.479464 -0.367790
v -0.020230 -0.111110 -0.041520
v -0.131693 -0.441978 -0.399434
v -0.058339 -0.148461 0.004876
v -0.169802 -0.479329 -0.353038
v -0.068004 -0.110974 -0.026768
v -0.179467 -0.441842 -0.384682
v -0.025996 -0.148597 -0.005242
v -0.262251 -0.479464 -0.296293
v -0.046708 -0.111110 -0.031044
v -0.282962 -0.441977 -0.322095
v -0.064892 -0.148461 0.026177
v -0.301146 -0.479328 -0.264874
v -0.085604 -0.110975 0.000374
v -0.321858 -0.441842 -0.290677
v -0.044004 -0.148597 -0.003281
v -0.368535 -0.479464 -0.190914
v -0.072557 -0.111110 -0.019999
v -0.397088 -0.441977 -0.207632
v -0.069133 -0.148461 0.039944
v -0.393665 -0.479329 -0.147688
v -0.097687 -0.110975 0.023227
v -0.422218 -0.441842 -0.164406
v -0.028689 -0.148597 -0.031390
v -0.403506 -0.479464 -0.037600
v -0.061768 -0.111110 -0.032118
v -0.436585 -0.441977 -0.038329
v -0.029637 -0.148461 0.018601
v -0.404454 -0.479329 0.012391
v -0.062716 -0.110975 0.017872
v -0.437533 -0.441842 0.011662
v -0.025957 -0.148597 -0.000555
v -0.383902 -0.479464 0.110808
v -0.057603 -0.111110 0.009101
v -0.415549 -0.441977 0.120465
v -0.011217 -0.148461 0.047223
v -0.369163 -0.479329 0.158586
v -0.042864 -0.110975 0.056879
v -0.400809 -0.441842 0.168243
v -0.020488 -0.148597 0.020863
v -0.305009 -0.479464 0.264942
v -0.045718 -0.111110 0.042269
v -0.330239 -0.441977 0.286348
v 0.011976 -0.148461 0.058891
v -0.272545 -0.479329 0.302969
v -0.013254 -0.110975 0.080296
v -0.297775 -0.441842 0.324375
v -0.002097 -0.148597 0.026306
v -0.202432 -0.479464 0.343154
v -0.019932 -0.111110 0.054175
v -0.220267 -0.441977 0.371022
v 0.040100 -0.148461 0.053127
v -0.160236 -0.479329 0.369975
v 0.022265 -0.110975 0.080996
v -0.178070 -0.441842 0.397844
v -0.006024 -0.148597 0.007040
v -0.024944 -0.479464 0.381432
v -0.007874 -0.111110 0.040075
v -0.026794 -0.441977 0.414467
v 0.043906 -0.148461 0.009683
v 0.024986 -0.479329 0.384075
v 0.042056 -0.110975 0.042718
v 0.023135 -0.441842 0.417110
v 0.016219 -0.148597 0.025398
v 0.130727 -0.479464 0.382350
v 0.026153 -0.111110 0.056958
v 0.140661 -0.441977 0.413911
v 0.063866 -0.148461 0.010239
v 0.178373 -0.479329 0.367191
v 0.073800 -0.110975 0.041800
v 0.188308 -0.441842 0.398752
v 0.012207 -0.148597 0.003842
v 0.302793 -0.479464 0.240668
v 0.037740 -0.111110 0.024885
v 0.328326 -0.441977 0.261711
v 0.043888 -0.148461 -0.034840
v 0.334473 -0.479329 0.201986
v 0.069421 -0.110975 -0.013798
v 0.360007 -0.441842 0.223029
vt 0.000000 0.000000
vt 1.000000 0.000000
vt 1.000000 1.000000
vt 0.000000 1.000000
vn 0.012700 -0.002700 0.999900
vn 0.661700 0.749700 -0.006400
vn -0.012700 0.002700 -0.999900
vn -0.661700 -0.749700 0.006400
vn -0.749600 0.661700 0.011300
vn 0.749600 -0.661700 -0.011300
vn 0.390400 -0.002700 0.920600
vn 0.610000 0.749700 -0.256500
vn -0.390400 0.002700 -0.920600
vn -0.610000 -0.749700 0.256500
vn -0.689500 0.661700 0.294400
vn 0.689500 -0.661700 -0.294400
vn 0.785100 -0.002700 0.619400
vn 0.411400 0.749700 -0.518300
vn -0.785100 0.002700 -0.619400
vn -0.411400 -0.749700 0.518300
vn -0.462900 0.661700 0.589700
vn 0.462900 -0.661700 -0.589700
vn 0.990700 -0.002700 0.136400
vn 0.092300 0.749700 -0.655300
vn -0.990700 0.002700 -0.136400
vn -0.092300 -0.749700 0.655300
vn -0.100500 0.661700 0.743000
vn 0.100500 -0.661700 -0.743000
vn 0.955500 -0.002700 -0.295100
vn -0.193300 0.749700 -0.632900
vn -0.955500 0.002700 0.295100
vn 0.193300 -0.749700 0.632900
vn 0.222900 0.661700 0.715800
vn -0.222900 -0.661700 -0.715800
vn 0.777900 -0.002700 -0.628400
vn -0.414200 0.749700 -0.516100
vn -0.777900 0.002700 0.628400
vn 0.414200 -0.749700 0.516100
vn 0.472500 0.661700 0.582100
vn -0.472500 -0.661700 -0.582100
vn 0.502600 -0.002700 -0.864500
vn -0.571100 0.749700 -0.334300
vn -0.502600 0.002700 0.864500
vn 0.571100 -0.749700 0.334300
vn 0.649100 0.661700 0.375300
vn -0.649100 -0.661700 -0.375300
vn 0.019000 -0.002700 -0.999800
vn -0.661600 0.749700 -0.014600
vn -0.019000 0.002700 0.999800
vn 0.661600 -0.749700 0.014600
vn 0.749600 0.661700 0.012400
vn -0.749600 -0.661700 -0.012400
vn -0.294800 -0.002700 -0.955600
vn -0.632900 0.749700 0.193100
vn 0.294800 0.002700 0.955600
vn 0.632900 -0.749700 -0.193100
vn 0.715900 0.661700 -0.222700
vn -0.715900 -0.661700 0.222700
vn -0.649300 -0.002700 -0.760500
vn -0.504600 0.749700 0.428100
vn 0.649300 0.002700 0.760500
vn 0.504600 -0.749700 -0.428100
vn 0.569000 0.661700 -0.488200
vn -0.569000 -0.661700 0.488200
vn -0.843900 -0.002700 -0.536400
vn -0.356700 0.749700 0.557400
vn 0.843900 0.002700 0.536400
vn 0.356700 -0.749700 -0.557400
vn 0.400700 0.661700 -0.633700
vn -0.400700 -0.661700 0.633700
vn -0.998600 -0.002700 -0.052900
vn -0.037000 0.749700 0.660700
vn 0.998600 0.002700 0.052900
vn 0.037000 -0.749700 -0.660700
vn 0.037800 0.661700 -0.748800
vn -0.037800 -0.661700 0.748800
vn -0.952900 -0.002700 0.303200
vn 0.198700 0.749700 0.631200
vn 0.952900 0.002700 -0.303200
vn -0.198700 -0.749700 -0.631200
vn -0.229000 0.661700 -0.713900
vn 0.229000 -0.661700 0.713900
vn -0.633600 -0.002700 0.773600
vn 0.510700 0.749700 0.420900
vn 0.633600 0.002700 -0.773600
vn -0.510700 -0.749700 -0.420900
vn -0.581200 0.661700 -0.473700
vn 0.581200 -0.661700 0.473700
usemtl None
s off
f 2/1/1 4/2/1 3/3/1 1/4/1
f 4/1/2 8/2/2 7/3/2 3/4/2
f 8/1/3 6/2/3 5/3/3 7/4/3
f 6/1/4 2/2/4 1/3/4 5/4/4
f 1/1/5 3/2/5 7/3/5 5/4/5
f 6/1/6 8/2/6 4/3/6 2/4/6
usemtl None_default_tree.png.001
f 10/1/7 12/2/7 11/3/7 9/4/7
f 12/1/8 16/2/8 15/3/8 11/4/8
f 16/1/9 14/2/9 13/3/9 15/4/9
f 14/1/10 10/2/10 9/3/10 13/4/10
f 9/1/11 11/2/11 15/3/11 13/4/11
f 14/1/12 16/2/12 12/3/12 10/4/12
usemtl None_default_tree.png.002
f 18/1/13 20/2/13 19/3/13 17/4/13
f 20/1/14 24/2/14 23/3/14 19/4/14
f 24/1/15 22/2/15 21/3/15 23/4/15
f 22/1/16 18/2/16 17/3/16 21/4/16
f 17/1/17 19/2/17 23/3/17 21/4/17
f 22/1/18 24/2/18 20/3/18 18/4/18
usemtl None_default_tree.png.003
f 26/1/19 28/2/19 27/3/19 25/4/19
f 28/1/20 32/2/20 31/3/20 27/4/20
f 32/1/21 30/2/21 29/3/21 31/4/21
f 30/1/22 26/2/22 25/3/22 29/4/22
f 25/1/23 27/2/23 31/3/23 29/4/23
f 30/1/24 32/2/24 28/3/24 26/4/24
usemtl None_default_tree.png.004
f 34/1/25 36/2/25 35/3/25 33/4/25
f 36/1/26 40/2/26 39/3/26 35/4/26
f 40/1/27 38/2/27 37/3/27 39/4/27
f 38/1/28 34/2/28 33/3/28 37/4/28
f 33/1/29 35/2/29 39/3/29 37/4/29
f 38/1/30 40/2/30 36/3/30 34/4/30
usemtl None_default_tree.png.005
f 42/1/31 44/2/31 43/3/31 41/4/31
f 44/1/32 48/2/32 47/3/32 43/4/32
f 48/1/33 46/2/33 45/3/33 47/4/33
f 46/1/34 42/2/34 41/3/34 45/4/34
f 41/1/35 43/2/35 47/3/35 45/4/35
f 46/1/36 48/2/36 44/3/36 42/4/36
usemtl None_default_tree.png.006
f 50/1/37 52/2/37 51/3/37 49/4/37
f 52/1/38 56/2/38 55/3/38 51/4/38
f 56/1/39 54/2/39 53/3/39 55/4/39
f 54/1/40 50/2/40 49/3/40 53/4/40
f 49/1/41 51/2/41 55/3/41 53/4/41
f 54/1/42 56/2/42 52/3/42 50/4/42
usemtl None_default_tree.png.007
f 58/1/43 60/2/43 59/3/43 57/4/43
f 60/1/44 64/2/44 63/3/44 59/4/44
f 64/1/45 62/2/45 61/3/45 63/4/45
f 62/1/46 58/2/46 57/3/46 61/4/46
f 57/1/47 59/2/47 63/3/47 61/4/47
f 62/1/48 64/2/48 60/3/48 58/4/48
usemtl None_default_tree.png.008
f 66/1/49 68/2/49 67/3/49 65/4/49
f 68/1/50 72/2/50 71/3/50 67/4/50
f 72/1/51 70/2/51 69/3/51 71/4/51
f 70/1/52 66/2/52 65/3/52 69/4/52
f 65/1/53 67/2/53 71/3/53 69/4/53
f 70/1/54 72/2/54 68/3/54 66/4/54
usemtl None_default_tree.png.009
f 74/1/55 76/2/55 75/3/55 73/4/55
f 76/1/56 80/2/56 79/3/56 75/4/56
f 80/1/57 78/2/57 77/3/57 79/4/57
f 78/1/58 74/2/58 73/3/58 77/4/58
f 73/1/59 75/2/59 79/3/59 77/4/59
f 78/1/60 80/2/60 76/3/60 74/4/60
usemtl None_default_tree.png.010
f 82/1/61 84/2/61 83/3/61 81/4/61
f 84/1/62 88/2/62 87/3/62 83/4/62
f 88/1/63 86/2/63 85/3/63 87/4/63
f 86/1/64 82/2/64 81/3/64 85/4/64
f 81/1/65 83/2/65 87/3/65 85/4/65
f 86/1/66 88/2/66 84/3/66 82/4/66
usemtl None_default_tree.png.011
f 90/1/67 92/2/67 91/3/67 89/4/67
f 92/1/68 96/2/68 95/3/68 91/4/68
f 96/1/69 94/2/69 93/3/69 95/4/69
f 94/1/70 90/2/70 89/3/70 93/4/70
f 89/1/71 91/2/71 95/3/71 93/4/71
f 94/1/72 96/2/72 92/3/72 90/4/72
usemtl None_default_tree.png.012
f 98/1/73 100/2/73 99/3/73 97/4/73
f 100/1/74 104/2/74 103/3/74 99/4/74
f 104/1/75 102/2/75 101/3/75 103/4/75
f 102/1/76 98/2/76 97/3/76 101/4/76
f 97/1/77 99/2/77 103/3/77 101/4/77
f 102/1/78 104/2/78 100/3/78 98/4/78
usemtl None_default_tree.png.013
f 106/1/79 108/2/79 107/3/79 105/4/79
f 108/1/80 112/2/80 111/3/80 107/4/80
f 112/1/81 110/2/81 109/3/81 111/4/81
f 110/1/82 106/2/82 105/3/82 109/4/82
f 105/1/83 107/2/83 111/3/83 109/4/83
f 110/1/84 112/2/84 108/3/84 106/4/84
